Maximum Absolute Error = 1.4142135623730951   
Time = 0.0 y 
Location = 2.356194490192345 m 
Maximum Relative Error = 1e+22 % 
Time = 0.0 y 
Location = 0.0 m 
Maximum Average Absolute Error = 0.8887164615522801   
Time = 0.0 y 
Maximum Average Relative Error = 1.2500000000000005e+21 % 
Time = 0.0 y 
